1 31
2 31
3 31
4 16
5 16
6 16
7 16
8 16
9 16
10 16
11 16
12 16
13 10
14 10
15 10
16 9
17 9
18 9
19 16
20 16
21 16
22 9
23 9
24 9
25 10
26 10
27 10
28 16
29 16
30 16
31 10
32 10
33 10
34 9
35 9
36 9
37 10
38 10
39 10
40 10
41 10
42 10
43 7
44 7
45 7
46 9
47 9
48 9
49 7
50 7
51 7
52 7
53 7
54 7
55 16
56 16
57 16
58 9
59 9
60 9
61 10
62 10
63 10
64 9
65 9
66 9
67 7
68 7
69 7
70 7
71 7
72 7
73 10
74 10
75 10
76 7
77 7
78 7
79 10
80 10
81 10
82 16
83 16
84 16
85 10
86 10
87 10
88 9
89 9
90 9
91 10
92 10
93 10
94 10
95 10
96 10
97 7
98 7
99 7
100 9
101 9
102 9
103 7
104 7
105 7
106 7
107 7
108 7
109 10
110 10
111 10
112 10
113 10
114 10
115 7
116 7
117 7
118 10
119 10
120 10
121 16
122 16
123 16
124 9
125 9
126 9
127 7
128 7
129 7
130 9
131 9
132 9
133 7
134 7
135 7
136 9
137 9
138 9
139 7
140 7
141 7
142 7
143 7
144 7
145 7
146 7
147 7
148 9
149 9
150 9
151 7
152 7
153 7
154 7
155 7
156 7
157 7
158 7
159 7
160 9
161 9
162 9
163 16
164 16
165 16
166 9
167 9
168 9
169 10
170 10
171 10
172 9
173 9
174 9
175 7
176 7
177 7
178 7
179 7
180 7
181 10
182 10
183 10
184 7
185 7
186 7
187 10
188 10
189 10
190 9
191 9
192 9
193 7
194 7
195 7
196 7
197 7
198 7
199 7
200 7
201 7
202 9
203 9
204 9
205 7
206 7
207 7
208 7
209 7
210 7
211 7
212 7
213 7
214 9
215 9
216 9
217 10
218 10
219 10
220 7
221 7
222 7
223 10
224 10
225 10
226 7
227 7
228 7
229 7
230 7
231 7
232 9
233 9
234 9
235 10
236 10
237 10
238 9
239 9
240 9
241 16
242 16
243 16
244 16
245 16
246 16
247 10
248 10
249 10
250 9
251 9
252 9
253 10
254 10
255 10
256 10
257 10
258 10
259 7
260 7
261 7
262 9
263 9
264 9
265 7
266 7
267 7
268 7
269 7
270 7
271 10
272 10
273 10
274 10
275 10
276 10
277 7
278 7
279 7
280 10
281 10
282 10
283 16
284 16
285 16
286 9
287 9
288 9
289 7
290 7
291 7
292 9
293 9
294 9
295 7
296 7
297 7
298 9
299 9
300 9
301 7
302 7
303 7
304 7
305 7
306 7
307 7
308 7
309 7
310 9
311 9
312 9
313 7
314 7
315 7
316 7
317 7
318 7
319 7
320 7
321 7
322 9
323 9
324 9
325 10
326 10
327 10
328 10
329 10
330 10
331 7
332 7
333 7
334 10
335 10
336 10
337 16
338 16
339 16
340 9
341 9
342 9
343 7
344 7
345 7
346 9
347 9
348 9
349 7
350 7
351 7
352 10
353 10
354 10
355 16
356 16
357 16
358 9
359 9
360 9
361 16
362 16
363 16
364 31
365 31
366 31
367 16
368 16
369 16
370 9
371 9
372 9
373 16
374 16
375 16
376 10
377 10
378 10
379 7
380 7
381 7
382 9
383 9
384 9
385 7
386 7
387 7
388 9
389 9
390 9
391 16
392 16
393 16
394 10
395 10
396 10
397 7
398 7
399 7
400 10
401 10
402 10
403 10
404 10
405 10
406 9
407 9
408 9
409 7
410 7
411 7
412 7
413 7
414 7
415 7
416 7
417 7
418 9
419 9
420 9
421 7
422 7
423 7
424 7
425 7
426 7
427 7
428 7
429 7
430 9
431 9
432 9
433 7
434 7
435 7
436 9
437 9
438 9
439 7
440 7
441 7
442 9
443 9
444 9
445 16
446 16
447 16
448 10
449 10
450 10
451 7
452 7
453 7
454 10
455 10
456 10
457 10
458 10
459 10
460 7
461 7
462 7
463 7
464 7
465 7
466 9
467 9
468 9
469 7
470 7
471 7
472 10
473 10
474 10
475 10
476 10
477 10
478 9
479 9
480 9
481 10
482 10
483 10
484 16
485 16
486 16
487 16
488 16
489 16
490 9
491 9
492 9
493 10
494 10
495 10
496 9
497 9
498 9
499 7
500 7
501 7
502 7
503 7
504 7
505 10
506 10
507 10
508 7
509 7
510 7
511 10
512 10
513 10
514 9
515 9
516 9
517 7
518 7
519 7
520 7
521 7
522 7
523 7
524 7
525 7
526 9
527 9
528 9
529 7
530 7
531 7
532 7
533 7
534 7
535 7
536 7
537 7
538 9
539 9
540 9
541 10
542 10
543 10
544 7
545 7
546 7
547 10
548 10
549 10
550 7
551 7
552 7
553 7
554 7
555 7
556 9
557 9
558 9
559 10
560 10
561 10
562 9
563 9
564 9
565 16
566 16
567 16
568 9
569 9
570 9
571 7
572 7
573 7
574 7
575 7
576 7
577 7
578 7
579 7
580 9
581 9
582 9
583 7
584 7
585 7
586 7
587 7
588 7
589 7
590 7
591 7
592 9
593 9
594 9
595 7
596 7
597 7
598 9
599 9
600 9
601 7
602 7
603 7
604 9
605 9
606 9
607 16
608 16
609 16
610 10
611 10
612 10
613 7
614 7
615 7
616 10
617 10
618 10
619 10
620 10
621 10
622 7
623 7
624 7
625 7
626 7
627 7
628 9
629 9
630 9
631 7
632 7
633 7
634 10
635 10
636 10
637 10
638 10
639 10
640 9
641 9
642 9
643 10
644 10
645 10
646 16
647 16
648 16
649 10
650 10
651 10
652 7
653 7
654 7
655 10
656 10
657 10
658 7
659 7
660 7
661 7
662 7
663 7
664 9
665 9
666 9
667 10
668 10
669 10
670 9
671 9
672 9
673 16
674 16
675 16
676 7
677 7
678 7
679 7
680 7
681 7
682 9
683 9
684 9
685 7
686 7
687 7
688 10
689 10
690 10
691 10
692 10
693 10
694 9
695 9
696 9
697 10
698 10
699 10
700 16
701 16
702 16
703 10
704 10
705 10
706 9
707 9
708 9
709 16
710 16
711 16
712 9
713 9
714 9
715 10
716 10
717 10
718 16
719 16
720 16
721 16
722 16
723 16
724 16
725 16
726 16
727 31
728 31
729 31
